1 0 4
2 1 1
3 2 3
4 3 1
5 4 3
6 5 2
7 6 3
8 7 4
9 0 1
10 1 1
10 9 1
11 2 4
11 10 4
12 3 4
12 11 1
13 4 4
13 12 3
14 5 4
14 13 1
15 6 4
15 14 2
16 7 1
16 15 1
17 8 2
17 16 4
18 9 1
19 10 2
19 18 4
20 11 1
20 19 3
21 12 3
21 20 1
22 13 1
22 21 3
23 14 2
23 22 1
24 15 4
24 23 3
25 16 1
25 24 1
26 17 4
26 25 4
27 18 3
28 19 4
28 27 4
29 20 1
29 28 1
30 21 2
30 29 4
31 22 1
31 30 4
32 23 1
32 31 1
33 24 4
33 32 2
34 25 2
34 33 4
35 26 1
35 34 1
36 27 4
37 28 2
37 36 2
38 29 2
38 37 3
39 30 4
39 38 3
40 31 1
40 39 4
41 32 3
41 40 3
42 33 3
42 41 4
43 34 1
43 42 3
44 35 1
44 43 3
45 36 1
46 37 4
46 45 4
47 38 1
47 46 2
48 39 2
48 47 4
49 40 2
49 48 1
50 41 3
50 49 2
51 42 1
51 50 1
52 43 1
52 51 1
53 44 2
53 52 1
54 45 3
55 46 2
55 54 2
56 47 1
56 55 2
57 48 3
57 56 3
58 49 4
58 57 1
59 50 1
59 58 1
60 51 4
60 59 3
61 52 4
61 60 1
62 53 4
62 61 2
63 54 1
64 55 2
64 63 3
65 56 3
65 64 3
66 57 4
66 65 2
67 58 2
67 66 2
68 59 3
68 67 3
69 60 1
69 68 1
70 61 1
70 69 3
71 62 3
71 70 2
72 63 3
73 64 1
73 72 2
74 65 1
74 73 4
75 66 2
75 74 1
76 67 4
76 75 4
77 68 3
77 76 4
78 69 3
78 77 1
79 70 3
79 78 2
80 71 4
80 79 3
